7 22

1 1 1 1 1 1 1 1 1 1 1 1 1 1 1 1 1 1 1 1 1 1
1 9 1 9 1 9 9 9 1 9 1 1 1 9 1 1 1 1 9 9 1 1
1 9 1 9 1 9 1 1 1 9 1 1 1 9 1 1 1 9 1 1 9 1
1 9 9 9 1 9 9 1 1 9 1 1 1 9 1 1 1 9 1 1 9 1
1 9 1 9 1 9 1 1 1 9 1 1 1 9 1 1 1 9 1 1 9 1
1 9 1 9 1 9 9 9 1 9 9 9 1 9 9 9 1 1 9 9 1 1
1 1 1 1 1 1 1 1 1 1 1 1 1 1 1 1 1 1 1 1 1 1

9 9 9 9 9 9 9 9 9 9 9 9 9 9 9 9 9 9 9 9 9 9
9 1 9 1 9 1 1 1 9 1 9 9 9 1 9 9 9 9 1 1 9 9
9 1 9 1 9 1 9 9 9 1 9 9 9 1 9 9 9 1 9 9 1 9
9 1 1 1 9 1 1 9 9 1 9 9 9 1 9 9 9 1 9 9 1 9
9 1 9 1 9 1 9 9 9 1 9 9 9 1 9 9 9 1 9 9 1 9
9 1 9 1 9 1 1 1 9 1 1 1 9 1 1 1 9 9 1 1 9 9
9 9 9 9 9 9 9 9 9 9 9 9 9 9 9 9 9 9 9 9 9 9

5 5 5 5 5 5 5 5 5 5 5 5 5 5 5 5 5 5 5 5 5
5 5 5 5 5 5 5 5 5 5 5 5 5 5 5 5 5 5 5 5 5
5 5 5 5 5 5 5 5 5 5 5 5 5 5 5 5 5 5 5 5 5
5 5 5 5 5 5 5 5 5 5 5 5 5 5 5 5 5 5 5 5 5
5 5 5 5 5 5 5 5 5 5 5 5 5 5 5 5 5 5 5 5 5
5 5 5 5 5 5 5 5 5 5 5 5 5 5 5 5 5 5 5 5 5
5 5 5 5 5 5 5 5 5 5 5 5 5 5 5 5 5 5 5 5 5

5 5 5 5 5 5 5 5 5 5 5 5 5 5 5 5 5 5 5 5 5 5
5 5 5 5 5 5 5 5 5 5 5 5 5 5 5 5 5 5 5 5 5 5
5 5 5 5 5 5 5 5 5 5 5 5 5 5 5 5 5 5 5 5 5 5
5 5 5 5 5 5 5 5 5 5 5 5 5 5 5 5 5 5 5 5 5 5
5 5 5 5 5 5 5 5 5 5 5 5 5 5 5 5 5 5 5 5 5 5
5 5 5 5 5 5 5 5 5 5 5 5 5 5 5 5 5 5 5 5 5 5
5 5 5 5 5 5 5 5 5 5 5 5 5 5 5 5 5 5 5 5 5 5