PRODJUGE	O_GLO	O_TER	O_CAV	O_FF	FLET	RUG	RESI	CROQ	JUTE	FARI	MASTI	SUCR	ACID	I_ARO	FOND	ASTRI
a_CAN1	0.2	0	0.3	0	0.8	5.3	1.3	1.1	1.2	7.6	3.4	4.5	3.2	6.3	7.6	0.6
b_CAN1	1.7	5.5	0.8	2.4	3.8	3.2	5.5	2.3	0.8	7.6	0.5	2.5	7.3	5.7	8.9	1.5
c_CAN1	0	0	0	0	0	4.9	7.4	1.6	0.2	8.3	1.1	5.7	0.1	8.4	9.3	6.1
d_CAN1	1.8	6.3	0.1	0.3	3.7	8.2	2.5	1.7	3.2	7.8	3.3	3	4.1	7.8	4.8	4
e_CAN1	1.4	0.8	0.1	0.7	0.8	5.3	1.9	3	2.4	4.3	2	3.7	4.3	4.3	4.2	1.7
f_CAN1	1.2	0.7	0.1	0.2	2.2	2.2	0.5	0.7	9.2	9.6	4.9	8.2	0.4	2.3	9.2	7
g_CAN1	1.7	0.5	1.2	0	4.5	6.7	4.8	2.2	0.9	6.6	3.1	3.6	4.4	2.5	7.8	6.8
h_CAN1	0.3	0.1	0.1	0	4.6	5.6	8.5	4.7	0.2	9.5	3.2	9.1	2.7	9.5	0.5	0.7
i_CAN1	0.3	0.1	0.1	0	0.1	8.4	8	0.2	0.3	7.7	3.6	7.9	0.5	7.4	5.5	0.8
j_CAN1	2.9	2.8	0.1	0.1	1.5	4.7	7.1	4.9	2.3	7.9	5	7.7	4.9	8.1	3.7	1.9
k_CAN1	1.6	1.4	0.3	0	0	4.4	4.8	1	0.1	9.7	5.3	2.9	1.4	3.2	6.4	1.5
l_CAN1	2.1	0.6	1.1	0	2.8	5.1	3.9	4.1	5.1	6.9	5.2	7.2	5.6	7	6.4	4.4
m_CAN1	0.8	0	0.4	0.1	6.5	8.2	3.4	1.4	0.1	9.8	4.7	4.4	5.3	6.2	5.8	6
a_CAN2	1.1	0	0.3	0	2	5.6	7.3	2.3	1.7	6.4	3	6.5	2.2	3.4	5.9	1.3
b_CAN2	4.1	2.4	4.2	0.7	2.4	3.3	3.5	1.6	1.5	8.2	1.2	1.6	6.8	5	7.8	3.9
c_CAN2	0	0	0	0	0	2.9	3.5	1.3	0.7	8.8	1.1	7.8	0.2	7	9.8	5.3
d_CAN2	5.9	2.3	0.7	1.9	0.9	6.6	6	2.2	6.7	7.2	6.2	5.8	3.4	7.1	8	3.8
e_CAN2	1.7	1.4	0.1	0	4.4	1.7	3.9	4	1.7	3.8	2.5	2.4	3.3	5.7	6.7	1.1
f_CAN2	1.5	1.4	0.1	0.2	0.8	6.4	7.3	3.7	4.8	7.2	4.2	7.7	1	3.8	4.8	4.9
g_CAN2	0.4	0.2	0.2	0	1	4.7	3.1	2	3.7	6.7	2.3	3.6	4.9	4.4	8.7	7.3
h_CAN2	3.6	0.2	1.9	0	6.3	5.7	4.1	4.2	0.3	9.3	3.1	9.6	0.6	8.2	1.2	1.7
i_CAN2	0.1	0.1	0.1	0.1	0.9	5.7	5	2.8	0.6	8.2	4.9	6.9	1.6	5.4	2.6	2.2
j_CAN2	2.6	2.6	0.1	0.1	1	3.6	8.3	2.2	5.2	5.3	1.6	8.8	1.1	7.1	7.2	1.6
k_CAN2	0.4	0.1	0.2	0	0	5.3	4.7	1.1	2.2	8.5	5.7	3.5	2.1	5.1	5.9	0.5
l_CAN2	3.6	1.7	1.1	0	0.1	2.2	4.8	3.9	4.2	6.5	4.6	7.3	5.9	5.6	6.4	5.2
m_CAN2	0.2	0.1	0	0	3	7.3	6.9	1.8	0.2	9.5	4.7	6	4.4	6.8	5.5	4.2
a_GRA1	1	0.4	0	0.1	0	0	9.3	9	8.1	0.2	8.7	2	8.7	0.6	3.1	5.8
b_GRA1	5.6	3.2	5.5	6.6	0.1	2.2	8.9	9	5.7	0.7	6.1	1.4	6.8	4.6	1	4.7
c_GRA1	6.8	0.4	2.3	2	0	0	9.8	9.5	6	0.3	7	2.3	8.7	3.1	6.8	1.4
d_GRA1	3.5	1.4	0	1.5	0.1	0	7.2	8.6	8.3	0.1	8	3.4	7.2	2	3.4	5.9
e_GRA1	0.8	0.7	0	0	0.1	0	9.3	8.6	7.8	0	8	2.2	5.6	1.4	0	0.1
f_GRA1	1.2	0.1	0.1	1.2	0.1	0.1	9.1	4.6	8.1	0.2	5.2	1.5	8.1	1.7	4.8	4.3
g_GRA1	4.9	0	0	2.3	0	0.1	9.9	8.9	7.2	0	8.2	3.3	7.1	2.5	1.5	3.8
h_GRA1	7.7	0.3	0.8	1.4	0	0	9.4	9.6	8	0.2	5.8	7.1	8.7	7.6	3.1	1.7
i_GRA1	1.2	0.1	0.2	0.2	0.1	0.1	9.8	9.7	8	0.6	7.9	1.9	8.4	2	0.3	8.2
j_GRA1	2.7	1.3	2.5	0.1	0.1	0.1	8.8	9.4	9	0.4	7.5	5.3	7.8	5	1.2	7.9
k_GRA1	0.3	0	0.3	0	0	0.2	8.5	1.4	2.6	0.5	8.6	1.8	8.8	1.8	0.7	0.5
l_GRA1	4.4	0.2	3.4	0.6	0	3.5	10	9	9.4	2.1	8.1	6.6	8.2	7.2	5.7	7
m_GRA1	1	0.1	0.2	0.1	0.1	0	8.8	9.1	4.7	0.3	7.3	1.9	8.5	9.1	0.4	5.4
a_GRA2	2	0.1	0.1	1.5	0.1	0.2	9.5	8.7	8.6	0.2	8.7	4.2	7.3	3.3	2.1	3.8
b_GRA2	3.6	1.2	1.4	6.5	0.5	2.5	9.4	7.3	4.6	0.7	3.6	1.3	6.3	5	1.5	3.7
c_GRA2	2.6	0.1	0.1	2.6	0.4	0	9	9.7	5.2	0.3	5.9	4.4	8.2	3.4	4.9	4.6
d_GRA2	4.6	0.1	0.8	1.7	0.1	0.1	8.9	8.5	8.1	1	7.4	6.6	7.7	5.7	1	6.2
e_GRA2	3.5	0.7	0.1	2	0	0.1	8.8	9.6	7.2	0.2	7.5	0.3	9.3	0.1	0.1	2.7
f_GRA2	2.1	0.1	0.2	2.2	0.2	0.4	9.6	3.1	7.4	2	7.1	0.5	9.3	2.6	5.4	1.7
g_GRA2	0.3	0	0	0.1	0	1.1	7.1	9.8	5.9	2.6	6.6	5.4	7.9	6.2	3.1	6.6
h_GRA2	7.7	1	1.6	0.9	0	0	8.8	9.4	9	0.2	6.2	9.3	6.6	8.8	5	2.7
i_GRA2	0.6	0	0.1	0.7	0.1	0.2	8.4	6.3	2.2	2.3	6.8	3.9	7.6	4	1	5.1
j_GRA2	1.8	1	0.1	1.1	0.1	0.1	9.7	9.7	8.4	0.3	7.5	2.7	8.2	6.9	1.4	8.2
k_GRA2	1.4	0.1	0.2	0.2	0	2.2	9.1	8.2	4.3	0.2	8.7	2.3	1	1.6	0.3	0.9
l_GRA2	5.8	1.1	2.6	1.2	0	2.2	7.2	8.9	8.7	1	9	5.8	8.6	6.3	4.5	4.3
m_GRA2	2.6	0.8	2.5	0.1	0.1	0.4	9.4	8.8	6.4	0.4	7.6	1.8	7.2	7.3	1.2	4.7
a_JON1	6.4	0.1	0.1	2.5	0.2	0.3	7.5	6.2	8.9	0.2	7.1	8.6	0.2	2.9	8.6	1.3
b_JON1	6	1.3	0.9	1.7	0.3	0.6	5.9	1.2	7.1	2.6	1.2	1.3	2.9	1.3	6.4	1.4
c_JON1	8.3	3.1	0	2	0.2	0	6.5	0.7	3.5	5.6	0.6	6.9	0.7	9.7	9.3	2.6
d_JON1	7.9	0	0	1.7	0.2	0.5	2.1	2.5	8.6	2.1	3.5	7.9	3.1	7	6	3.5
e_JON1	5.6	0.2	0.1	4	0.1	0.1	6.9	5.4	6.7	0.9	3.4	2.4	1.6	1.5	7.6	1.3
f_JON1	3.9	0.1	0.1	0.2	0.1	0.4	4.2	1.7	7.5	6.2	2.7	7.3	0.3	2.9	8.3	3
g_JON1	4	0	0	1.2	0	0	7.1	6.1	5.8	1.7	6	6.7	2.8	7.2	6.1	0.4
h_JON1	6.1	1.6	2.3	0	0	0	6.3	6	7.1	4	1.8	9.7	1.3	2.4	9.5	0.1
i_JON1	2.4	0	0.1	2.1	0.1	0.1	9.8	0.9	4.6	3.7	2.8	8.1	0.5	4.7	7.6	0.5
j_JON1	3.2	0.1	0.1	3.3	0.2	0.2	5.1	4.1	7.9	4.1	3.3	5	0.2	4.1	6	1.6
k_JON1	0.1	0	0	0	0.1	0.2	5	4.6	5.6	0.8	5.8	1	0.1	0.5	5.3	0.1
l_JON1	6.6	0.6	3	0.5	0	1.1	4.7	3.5	7.8	3.3	6.4	6.2	6	5.1	8	4.7
m_JON1	2.8	0.1	1.7	0	0.1	1.7	7.7	1.8	5.5	3.9	3.2	4.9	2.7	3.5	6.4	0.6
a_JON2	6.8	0	0.1	2	0.2	0.1	8.3	3.9	8.5	2.9	6.5	8.5	0.2	2.8	8.4	0.2
b_JON2	2.2	1	3.6	2.5	0.2	0.7	6.5	2.8	5.2	0.8	1.7	2.9	2.8	2.7	5.9	2.8
c_JON2	9.3	0.1	0.9	1.9	0.1	0.1	7.6	1.8	5.7	4.3	2.5	8.2	1.3	8.4	9.6	2.3
d_JON2	6.8	0.1	0.1	1.5	0.1	0.1	2.9	2.3	7.2	2.2	2.7	6.1	1.4	7	7.2	1.8
e_JON2	6.5	0.1	0.1	6.6	0.1	0.1	6.1	6.6	7.6	1	1.8	2	1.9	1.4	8.1	1.1
f_JON2	7.1	0.2	0.1	3.9	0.2	0.3	6.9	4.5	8.4	0.8	4.4	7.9	0.9	6.5	5.3	4.7
g_JON2	2	0	0	1.3	0	0	4.7	2.1	7.6	3.8	2.3	7	3.6	4.5	7.8	1.7
h_JON2	6.7	0.3	2.4	0.5	0.1	0	7.5	4.7	5.4	5.9	1.5	8.5	0.3	6.6	9.5	0.2
i_JON2	2.1	0.1	0.1	2.1	0	0.1	9.8	4.6	3.8	1.8	2.5	6	0.4	3.6	8.4	0.5
j_JON2	3.4	3.4	0.2	0.1	0.2	0.2	6.4	3.2	7.9	0.1	5.2	8.2	0.8	6.7	8.2	1.9
k_JON2	2.5	0.1	0.2	0.3	0.1	0.1	8.1	4.4	6.8	0.1	5.1	1.8	0.4	0.4	8.5	0.9
l_JON2	7.5	2.5	4.2	0	0	1.9	5	3.9	7.9	4.2	4.3	5.8	5.4	4.5	6.3	6
m_JON2	3.4	1.7	3.2	0.1	0.2	0.6	9.5	3.2	9	4	3.8	4.8	5.2	5.4	7.2	2.3
