16 16

1 1 1 1 1 13 13 13 13 13 13 1 1 1 1 1 
1 1 1 13 13 13 1 9 10 1 13 13 13 1 1 1 
1 1 13 13 1 1 1 9 10 1 1 1 13 13 1 1 
1 13 13 9 1 1 9 9 9 9 1 1 9 13 13 1 
1 13 1 9 9 9 9 9 9 9 9 10 10 1 13 1 
13 13 1 1 9 9 1 1 1 1 9 10 1 1 13 13 
13 1 1 1 9 1 1 1 1 1 1 10 1 1 1 13 
13 1 1 1 9 1 1 1 1 1 1 10 1 1 1 13 
13 1 1 9 9 1 1 1 1 1 1 9 10 1 1 13 
13 9 9 9 9 9 1 1 1 1 9 9 9 9 9 13 
13 9 10 13 13 13 13 13 13 13 13 13 13 9 9 13 
13 13 13 13 1 1 13 1 1 13 1 1 13 13 13 13 
1 13 13 1 1 1 13 1 1 13 1 1 1 13 13 1 
1 1 13 1 1 1 1 1 1 1 1 1 1 13 1 1 
1 1 13 13 1 1 1 1 1 1 1 1 13 13 1 1 
1 1 1 13 13 13 13 13 13 13 13 13 13 1 1 1 

13 13 13 13 13 1 1 1 1 1 1 13 13 13 13 13 
13 13 13 1 1 1 13 4 4 13 1 1 1 13 13 13 
13 13 1 1 13 13 13 4 4 13 13 13 1 1 13 13 
13 1 1 4 13 13 4 4 4 4 13 13 4 1 1 13 
13 1 13 4 4 4 4 4 4 4 4 4 4 13 1 13 
1 1 13 13 4 4 13 13 13 13 4 4 13 13 1 1 
1 13 13 13 4 13 13 13 13 13 13 4 13 13 13 1 
1 13 13 13 4 13 13 13 13 13 13 4 13 13 13 1 
1 13 13 4 4 13 13 13 13 13 13 4 4 13 13 1 
1 4 4 4 4 4 13 13 13 13 4 4 4 4 4 1 
1 4 4 1 1 1 1 1 1 1 1 1 1 4 4 1 
1 1 1 1 13 13 1 13 13 1 13 13 1 1 1 1 
13 1 1 13 13 13 1 13 13 1 13 13 13 1 1 13 
13 13 1 13 13 13 13 13 13 13 13 13 13 1 13 13 
13 13 1 1 13 13 13 13 13 13 13 13 1 1 13 13 
13 13 13 1 1 1 1 1 1 1 1 1 1 13 13 13 

0 0 0 0 12 0 0 0 0 0 12 0 0 0 0 
0 0 12 0 0 12 9 0 9 12 0 0 12 0 0 
0 12 0 12 0 0 9 0 9 0 0 12 0 12 0 
12 0 3 9 0 9 0 0 0 9 0 9 3 0 12 
12 12 9 0 0 0 0 0 0 0 0 0 9 12 12 
0 12 0 9 0 9 0 0 0 9 0 9 0 12 0 
12 0 0 9 9 0 0 0 0 0 9 9 0 0 12 
12 0 0 9 9 0 0 0 0 0 9 9 0 0 12 
12 0 9 0 9 0 0 0 0 0 9 0 9 0 12 
3 0 0 0 0 9 0 0 0 9 0 0 0 0 3 
3 0 3 0 0 0 0 0 0 0 0 0 3 0 3 
0 0 0 12 0 12 12 0 12 12 0 12 0 0 0 
12 0 12 0 0 12 12 0 12 12 0 0 12 0 12 
0 12 12 0 0 0 0 0 0 0 0 0 12 12 0 
0 12 0 12 0 0 0 0 0 0 0 12 0 12 0 
0 0 12 0 0 0 0 0 0 0 0 0 12 0 0 

0 0 0 12 12 0 12 3 3 12 0 12 12 0 0 0 
0 0 12 0 12 12 0 0 0 0 12 12 0 12 0 0 
0 12 0 3 0 0 9 0 0 9 0 0 3 0 12 0 
0 0 12 0 9 9 0 0 0 0 9 9 0 12 0 0 
12 0 0 9 0 0 9 9 9 9 0 0 9 0 0 12 
0 12 0 0 0 9 0 0 0 0 9 0 0 0 12 0 
0 0 0 0 0 0 0 0 0 0 0 0 0 0 0 0 
0 0 0 9 0 0 0 0 0 0 0 0 9 0 0 0 
0 9 9 0 0 9 0 0 0 0 9 0 0 9 9 0 
0 0 0 3 3 3 12 12 12 12 3 3 3 0 0 0 
0 3 3 0 12 12 0 12 12 0 12 12 0 3 3 0 
12 0 0 12 0 0 0 0 0 0 0 0 12 0 0 12 
0 12 0 0 0 0 12 0 0 12 0 0 0 0 12 0 
0 0 0 12 0 0 0 0 0 0 0 0 12 0 0 0 
0 0 12 0 12 12 12 12 12 12 12 12 0 12 0 0 
